137 114 137
80 5 80
78 8 78
71 78 71
13 27 13
10 19 10
26 59 26
10 19 10
0 0 0
0 0 0
0 0 0
13 27 13
73 12 73
72 151 72
68 45 68
82 73 82
0 0 0
0 0 0
0 0 0
30 109 30
0 0 0
0 0 0
0 0 0
30 109 30
8 85 8
2 32 2
0 0 0
0 0 0
0 0 0
180 180 180
82 73 82
57 120 57
245 245 245
0 0 0
0 0 0
0 0 0
1 1 1
115 138 115
82 73 82
71 78 71
66 33 66
0 0 0
174 174 174
206 206 206
28 112 28
233 233 233
0 0 0
0 0 0
0 0 0
4 58 4
103 143 103
65 11 65
77 154 77
65 11 65
0 0 0
0 0 0
177 177 177
143 89 143
11 51 11
252 252 252
97 20 97
5 66 5
0 0 0
0 0 0
0 0 0
9 123 9
112 56 112
72 151 72
89 10 89
115 138 115
0 0 0
0 0 0
14 84 14
195 195 195
0 0 0
0 0 0
14 84 14
195 195 195
1 1 1
199 199 199
111 34 111
168 168 168
100 39 100
0 0 0
0 0 0
1 1 1
14 84 14
73 12 73
68 45 68
65 11 65
84 7 84
72 151 72
75 94 75
237 237 237
149 74 149
49 105 49
14 84 14
131 52 131
48 55 48
12 87 12
69 69 69
51 158 51
50 127 50
50 127 50
50 127 50
116 93 116
96 150 96
232 232 232
216 216 216
177 177 177
7 63 7
96 150 96
236 236 236
210 210 210
59 96 59
48 55 48
114 137 114
17 159 17
196 196 196
17 159 17
24 47 24
89 10 89
115 138 115
131 52 131
156 95 156
170 170 170
85 29 85
55 146 55
70 70 70
234 234 234
224 224 224
200 200 200
2 32 2
19 80 19
44 60 44
72 151 72
138 115 138
212 212 212
74 135 74
125 111 125
11 51 11
56 42 56
10 19 10
207 207 207
81 156 81
132 90 132
190 190 190
213 213 213
112 56 112
24 47 24
86 67 86
109 44 109
140 147 140
201 201 201
243 243 243
92 92 92
205 205 205
129 61 129
149 74 149
182 182 182
109 44 109
113 106 113
83 153 83
24 47 24
10 19 10
188 188 188
105 119 105
154 98 154
58 18 58
223 223 223
78 8 78
160 160 160
125 111 125
215 215 215
117 101 117
40 136 40
162 162 162
243 243 243
209 209 209
162 162 162
202 202 202
178 178 178
12 87 12
247 247 247
125 111 125
144 2 144
36 50 36
73 12 73
172 172 172
26 59 26
30 109 30
88 149 88
87 26 87
85 29 85
53 86 53
182 182 182
183 183 183
244 244 244
125 111 125
95 128 95
150 110 150
37 130 37
174 174 174
7 63 7
128 4 128
42 126 42
213 213 213
52 117 52
13 27 13
21 14 21
187 187 187
192 192 192
15 99 15
25 9 25
83 153 83
207 207 207
193 193 193
127 64 127
200 200 200
65 11 65
172 172 172
170 170 170
181 181 181
214 214 214
117 101 117
93 116 93
187 187 187
34 97 34
136 152 136
85 29 85
53 86 53
120 43 120
225 225 225
238 238 238
92 92 92
177 177 177
142 81 142
112 56 112
130 30 130
216 216 216
11 51 11
17 159 17
78 8 78
16 144 16
171 171 171
22 22 22
248 248 248
38 145 38
245 245 245
235 235 235
118 13 118
127 64 127
94 124 94
174 174 174
174 174 174
16 144 16
217 217 217
173 173 173
6 48 6
239 239 239
227 227 227
116 93 116
118 13 118
133 49 133
8 85 8
87 26 87
67 37 67
202 202 202
20 125 20
69 69 69
65 11 65
161 161 161
19 80 19
3 82 3
87 26 87
99 155 99
90 83 90
97 20 97
190 190 190
68 45 68
194 194 194
213 213 213
54 108 54
8 85 8
70 70 70
226 226 226
15 99 15
206 206 206
213 213 213
20 125 20
132 90 132
240 240 240
178 178 178
209 209 209
142 81 142
73 12 73
77 154 77
49 105 49
77 154 77
112 56 112
53 86 53
203 203 203
179 179 179
229 229 229
7 63 7
140 147 140
233 233 233
36 50 36
97 20 97
215 215 215
200 200 200
213 213 213
128 4 128
55 146 55
45 68 45
161 161 161
7 63 7
155 113 155
103 143 103
52 117 52
86 67 86
8 85 8
150 110 150
204 204 204
30 109 30
53 86 53
224 224 224
181 181 181
203 203 203
44 60 44
19 80 19
223 223 223
175 175 175
70 70 70
182 182 182
55 146 55
240 240 240
78 8 78
18 72 18
73 12 73
77 154 77
8 85 8
243 243 243
76 132 76
24 47 24
79 88 79
155 113 155
212 212 212
97 20 97
252 252 252
213 213 213
140 147 140
95 128 95
84 7 84
15 99 15
195 195 195
27 104 27
126 28 126
4 58 4
112 56 112
171 171 171
151 142 151
140 147 140
179 179 179
186 186 186
0 0 0
0 0 0
0 0 0
0 0 0
73 12 73
69 69 69
78 8 78
68 45 68
174 174 174
66 33 66
96 150 96
130 30 130
